1. RandomForestRegression
    Scores: [3.00444995 3.03881355 4.29589055 2.65045371 4.23639115 3.93957612
     5.1086231  3.2836664  5.35742452 3.60334844]
    Mean: 3.8518637498942225
    Standard Deviation: 0.8605827576349769

2. LinearRegression
    Scores: [4.21359969 4.23607488 5.10998878 3.8286501  5.35172005 4.3902617
     7.47115117 5.4752024  4.15319988 6.05731122]
    Mean: 5.0287159864256505
    Standard Deviation: 1.0602259077511795

3. DecisionTreeRegression
    Scores: [3.90915124 5.79981076 4.92502321 4.5207651  3.97916449 2.92976108
     5.14402566 3.86448574 3.3287385  4.16233108]
    Mean: 4.256325685558761
    Standard Deviation: 0.8165387687622485